124.6700,92.3080,171.4000,150.8800,0.0713
124.2200,92.0800,170.9400,151.3400,0.0750
123.7600,92.0800,170.4800,151.3400,0.0750
123.9900,92.3080,170.4800,151.3400,0.0753
123.7600,92.0800,170.2600,151.5700,0.0776
123.9900,92.3080,170.0300,151.5700,0.0795
123.7600,92.7640,170.2600,151.3400,0.0728
123.5300,93.4470,170.0300,151.3400,0.0692
123.3000,93.9030,169.5700,151.7900,0.0707
122.8500,94.3590,169.5700,152.2500,0.0677
122.3900,95.7260,168.4300,154.3000,0.0759
122.1700,96.4100,168.4300,155.2100,0.0756
121.4800,97.7780,167.2900,155.2100,0.0714
120.3400,97.5500,167.0700,155.6700,0.0689
119.6600,97.5500,166.1500,155.2100,0.0680
119.4300,97.7780,165.2400,156.5800,0.0787
117.8300,98.4610,164.7900,156.5800,0.0674
117.1500,98.2340,163.6500,156.8100,0.0728
116.2400,98.2340,162.2800,156.8100,0.0759
116.2400,98.2340,162.2800,156.1300,0.0723
116.9200,98.0060,162.7400,154.7600,0.0676
117.8300,97.0940,163.4200,153.8500,0.0692
118.2900,95.9540,164.5600,153.3900,0.0683
119.2000,94.5870,165.4700,152.2500,0.0695
121.0300,94.1310,166.6100,151.3400,0.0717
122.6200,94.1310,168.6600,150.6600,0.0649
123.7600,92.9910,170.2600,150.2000,0.0655
126.0400,92.7640,171.6200,148.8300,0.0654
127.6400,92.0800,172.9900,148.3800,0.0683
128.7800,91.3960,173.6800,147.2400,0.0689
128.7800,90.7120,173.6800,146.3200,0.0676
128.5500,88.8890,173.4500,144.9600,0.0701
128.0900,87.5210,172.7600,143.5900,0.0717
126.5000,85.9260,171.4000,141.9900,0.0701
124.9000,85.0140,169.3400,140.4000,0.0695
123.3000,84.1020,167.5200,139.2600,0.0698
122.3900,82.5070,166.6100,138.1200,0.0723
120.5700,82.9630,165.4700,136.9800,0.0585
120.1100,82.9630,164.1000,137.6600,0.0688
118.9700,83.8750,162.7400,138.8000,0.0716
118.0600,85.0140,162.0500,140.6300,0.0740
117.6100,87.5210,161.1400,142.6800,0.0747
118.0600,89.8010,161.1400,145.6400,0.0817
118.0600,92.7640,160.6800,147.6900,0.0799
118.0600,95.0430,160.0000,149.7400,0.0836
118.2900,96.4100,160.6800,151.7900,0.0841
119.4300,97.0940,161.8200,152.0200,0.0816
120.1100,97.7780,162.5100,152.2500,0.0789
120.3400,98.0060,162.7400,152.0200,0.0763
121.9400,97.7780,163.8700,151.3400,0.0772
122.8500,97.3220,164.7900,150.4300,0.0745
123.0800,96.1820,165.0100,149.2900,0.0745
123.3000,95.7260,165.7000,149.5200,0.0751
125.1300,95.9540,167.5200,149.2900,0.0725
125.1300,95.7260,168.4300,149.0600,0.0659
124.2200,95.2710,167.9800,149.0600,0.0652
123.9900,95.4990,167.2900,149.0600,0.0672
124.2200,94.5870,167.9800,148.8300,0.0678
123.7600,95.0430,167.5200,148.3800,0.0626
123.7600,95.0430,167.0700,147.4600,0.0604
123.3000,95.7260,167.0700,148.3800,0.0585
122.8500,97.5500,166.1500,149.7400,0.0591
123.0800,100.2800,165.4700,152.2500,0.0644
122.3900,102.5600,164.3300,153.8500,0.0636
122.3900,104.1600,163.4200,154.7600,0.0662
122.3900,104.8400,163.8700,155.4400,0.0628
123.5300,106.8900,163.6500,157.4900,0.0732
124.6700,108.0300,164.7900,157.7200,0.0676
126.0400,108.4900,165.4700,158.1800,0.0730
126.0400,107.5800,165.2400,157.4900,0.0761
126.0400,105.7600,165.0100,154.7600,0.0723
127.1800,104.3900,164.5600,151.7900,0.0749
126.7200,101.4200,163.8700,149.0600,0.0784
126.7200,99.6010,163.8700,145.6400,0.0678
127.1800,96.1820,163.8700,141.9900,0.0701
126.9500,92.9910,164.5600,138.5800,0.0609
126.9500,90.0290,164.7900,135.3800,0.0573
126.2700,87.9770,164.7900,133.3300,0.0518
126.2700,85.9260,165.0100,130.6000,0.0452
125.8100,84.3300,164.3300,130.3700,0.0565
125.5800,83.8750,163.6500,130.6000,0.0648
124.4400,84.5580,163.6500,131.2800,0.0555
123.7600,85.6980,162.7400,131.7400,0.0528
123.7600,86.8380,162.7400,132.8800,0.0528
123.0800,88.6610,162.2800,134.9300,0.0525
122.3900,90.7120,161.1400,136.5200,0.0530
121.0300,92.3080,160.2300,137.6600,0.0462
120.3400,93.6750,159.0900,139.2600,0.0515
118.2900,95.2710,156.1300,141.3100,0.0620
116.9200,96.4100,154.9900,142.4500,0.0601
114.8700,98.0060,154.0700,143.3600,0.0463
113.9600,98.4610,152.0200,144.5000,0.0602
112.5900,99.1450,150.8800,145.8700,0.0630
111.2200,99.8290,149.2900,146.3200,0.0632
109.8600,101.2000,147.6900,148.1500,0.0682
107.8100,103.7000,145.1900,149.7400,0.0659
105.9800,105.3000,143.5900,151.1100,0.0624
104.6200,105.9800,142.2200,153.1600,0.0716
103.9300,107.1200,142.2200,154.5300,0.0675
103.7000,109.1700,142.4500,156.3500,0.0623
103.7000,109.4000,142.2200,156.5800,0.0641
105.0700,108.7200,143.8200,156.3500,0.0652
106.2100,107.8100,145.8700,155.4400,0.0580
107.8100,107.3500,148.3800,154.3000,0.0463
109.1700,106.8900,150.4300,154.3000,0.0441
112.1400,106.8900,153.3900,154.3000,0.0442
115.1000,105.9800,157.2600,154.0700,0.0418
119.4300,105.9800,160.6800,153.3900,0.0442
122.1700,105.3000,164.3300,153.8500,0.0448
124.9000,105.3000,167.0700,154.3000,0.0476
127.8600,105.5300,170.0300,153.6200,0.0417
130.1400,104.1600,172.9900,152.7100,0.0397
133.1100,103.4800,174.8100,152.2500,0.0496
134.4700,103.0200,176.4100,151.5700,0.0464
135.8400,102.5600,177.7800,151.1100,0.0464
136.7500,103.0200,178.2300,152.0200,0.0528
137.4400,103.7000,178.6900,152.4800,0.0531
137.2100,105.3000,178.0100,154.3000,0.0580
136.0700,106.8900,176.4100,155.2100,0.0571
134.2500,107.3500,175.7300,156.1300,0.0514
131.7400,107.3500,173.2200,156.5800,0.0543
129.0000,106.8900,171.1700,156.8100,0.0534
126.9500,106.2100,168.2100,155.6700,0.0574
125.5800,105.0700,167.2900,154.3000,0.0525
123.9900,102.1100,165.9300,151.7900,0.0537
121.0300,99.1450,163.8700,149.2900,0.0499
118.9700,96.4100,161.6000,147.4600,0.0571
117.1500,95.0430,159.3200,145.6400,0.0577
115.3300,94.3590,158.4000,144.9600,0.0511
114.1900,94.1310,158.1800,144.0500,0.0401
112.8200,94.3590,155.2100,144.9600,0.0561
111.0000,95.4990,153.1600,146.1000,0.0578
109.8600,96.8660,150.8800,147.2400,0.0649
108.0300,98.9170,149.7400,149.5200,0.0611
107.1200,101.8800,149.0600,152.2500,0.0580
108.2600,103.4800,149.0600,154.5300,0.0708
108.0300,106.2100,149.0600,156.8100,0.0662
109.4000,108.2600,149.9700,158.1800,0.0655
110.3100,109.1700,151.5700,159.5400,0.0631
111.4500,108.7200,153.3900,159.3200,0.0594
111.9100,109.4000,154.3000,159.3200,0.0518
113.2800,110.0900,154.9900,160.0000,0.0568
113.2800,109.8600,155.2100,160.2300,0.0581
113.2800,108.7200,155.2100,159.0900,0.0581
113.0500,107.8100,155.2100,157.4900,0.0520
111.9100,105.9800,154.3000,156.3500,0.0546
110.3100,104.1600,152.7100,154.3000,0.0531
108.4900,103.2500,150.4300,153.8500,0.0594
104.6200,102.7900,146.7800,152.9300,0.0549
102.1100,102.1100,144.0500,151.7900,0.0537
99.1450,100.9700,141.5400,150.8800,0.0517
96.4100,100.9700,138.5800,150.6600,0.0520
93.2200,100.7400,135.3800,151.3400,0.0578
91.3960,101.6500,133.1100,151.7900,0.0582
89.5730,101.6500,131.0500,152.0200,0.0614
89.3450,101.6500,130.1400,152.7100,0.0708
88.6610,101.2000,129.6900,152.2500,0.0690
87.5210,101.2000,129.0000,151.5700,0.0614
87.5210,101.2000,129.0000,151.5700,0.0614
87.2930,101.4200,129.6900,152.0200,0.0560
88.2050,103.7000,129.0000,153.6200,0.0638
88.6610,105.0700,129.0000,154.9900,0.0673
89.1170,105.5300,129.4600,155.4400,0.0672
89.3450,105.5300,130.1400,155.9000,0.0666
88.6610,107.8100,130.1400,157.7200,0.0586
88.8890,108.4900,129.6900,159.3200,0.0694
88.2050,110.7700,128.3200,160.6800,0.0690
87.5210,111.4500,128.3200,160.4600,0.0580
87.0660,111.2300,127.6400,160.2300,0.0597
86.3820,111.6800,126.7200,160.2300,0.0586
85.6980,111.9100,125.8100,160.2300,0.0589
85.2420,110.5400,124.6700,158.8600,0.0643
84.3310,109.4000,123.5300,157.9500,0.0676
83.1910,107.8100,122.6200,156.5800,0.0672
82.0510,106.8900,121.2500,155.2100,0.0661
81.3680,106.2100,120.1100,153.6200,0.0638
80.4560,105.5300,118.9700,153.3900,0.0686
78.8600,104.1600,117.8300,151.7900,0.0635
77.2650,103.0200,116.4700,151.5700,0.0675
75.8970,103.0200,114.8700,151.3400,0.0679
74.3020,103.7000,112.8200,151.7900,0.0701
71.7950,103.7000,110.3100,152.2500,0.0731
69.7440,104.3900,108.2600,152.2500,0.0686
68.6040,104.3900,107.1200,151.7900,0.0656
67.0090,104.3900,105.5300,151.5700,0.0641
65.1850,104.3900,103.9300,150.2000,0.0531
64.0450,104.3900,102.5600,150.4300,0.0565
63.1340,104.3900,101.4200,150.8800,0.0614
62.9060,104.3900,101.2000,150.8800,0.0614
63.8180,104.3900,101.2000,150.8800,0.0689
64.7290,104.1600,101.8800,151.3400,0.0754
65.6410,105.9800,102.5600,152.4800,0.0728
66.5530,107.8100,104.1600,154.3000,0.0670
67.4640,108.2600,105.3000,154.9900,0.0667
68.3760,108.7200,105.9800,155.2100,0.0670
68.3760,108.7200,106.2100,155.4400,0.0667
69.2880,108.7200,106.8900,155.4400,0.0686
68.3760,108.7200,106.2100,155.4400,0.0667
68.1480,108.2600,105.9800,154.3000,0.0621
66.7800,107.8100,105.3000,153.1600,0.0517
66.0970,106.8900,104.3900,152.7100,0.0568
65.1850,105.3000,104.3900,151.7900,0.0540
64.0450,104.3900,103.2500,150.8800,0.0540
63.1340,102.7900,102.5600,149.5200,0.0538
62.9060,101.6500,101.8800,148.8300,0.0605
62.4500,100.2800,101.4200,147.6900,0.0620
61.9940,99.3730,101.4200,147.2400,0.0614
61.9940,99.3730,101.4200,147.2400,0.0614
63.8180,99.3730,103.0200,147.2400,0.0631
65.8690,98.0060,105.3000,146.5500,0.0657
68.8320,97.3220,107.5800,145.8700,0.0712
70.1990,96.8660,109.4000,144.7300,0.0631
71.7950,95.9540,111.0000,143.5900,0.0616
73.8460,94.5870,112.1400,143.5900,0.0777
75.2140,94.1310,113.0500,142.4500,0.0771
75.2140,93.2190,114.1900,141.5400,0.0679
75.6690,92.9910,114.4200,141.5400,0.0712
76.3530,92.9910,114.4200,141.5400,0.0767
76.8090,92.5360,115.5600,141.3100,0.0726
78.8600,91.8520,116.9200,140.8500,0.0796
79.7720,90.9400,118.2900,139.2600,0.0716
82.0510,90.0290,120.3400,139.4900,0.0806
84.1030,89.1170,122.8500,139.2600,0.0812
86.3820,89.5730,125.1300,139.2600,0.0783
88.6610,89.8010,127.4100,140.4000,0.0839
90.2560,89.8010,129.2300,140.6300,0.0836
91.6240,91.6240,131.0500,142.6800,0.0814
95.0430,93.4470,134.0200,145.6400,0.0916
96.8660,95.9540,136.3000,147.2400,0.0827
99.3730,98.0060,139.2600,150.6600,0.0873
101.8800,100.2800,140.8500,152.2500,0.0904
104.1600,101.6500,143.1300,154.3000,0.0944
105.9800,103.0200,145.8700,155.2100,0.0845
108.2600,104.3900,148.1500,157.4900,0.0898
111.2200,108.2600,152.7100,162.2800,0.0830
113.9600,113.2800,155.2100,167.0700,0.0835
116.9200,115.1000,157.0400,169.3400,0.0946
116.0100,114.1900,158.6300,168.6600,0.0773
117.1500,112.8200,158.1800,168.4300,0.0953
116.0100,111.4500,157.0400,166.8400,0.0941
113.5000,108.7200,155.9000,165.2400,0.0903
110.7700,105.5300,153.8500,162.5100,0.0879
108.9500,101.8800,152.9300,160.4600,0.0900
105.7500,100.5100,149.9700,159.0900,0.0884
101.2000,99.8290,145.6400,158.4000,0.0868
96.4100,98.9170,141.5400,157.4900,0.0821
92.3080,96.4100,136.3000,155.9000,0.0946
87.7490,95.0430,131.5100,153.8500,0.0927
83.1910,92.5360,127.8600,152.0200,0.0900
79.0880,91.8520,124.2200,151.3400,0.0868
74.7580,90.7120,118.9700,150.6600,0.0955
72.2510,90.2560,115.7800,150.4300,0.1013
71.7950,90.2560,115.1000,149.5200,0.0983
74.0740,90.2560,116.7000,149.5200,0.1030
77.0370,91.6240,119.4300,150.8800,0.1047
81.5960,92.9910,124.4400,152.9300,0.1049
85.6980,94.8150,129.4600,154.5300,0.0974
89.3450,95.4990,132.8800,155.2100,0.0989
92.5360,97.7780,135.8400,156.5800,0.0959
94.8150,99.8290,137.4400,158.8600,0.1019
96.4100,103.2500,138.8000,162.7300,0.1058
98.4610,106.2100,140.6300,165.0100,0.1039
100.2800,108.7200,141.3100,166.6100,0.1075
102.3400,111.0000,144.0500,168.8900,0.1025
104.1600,111.9100,146.1000,170.2600,0.1033
106.8900,112.3600,148.3800,169.1200,0.0982
108.4900,111.9100,149.7400,168.6600,0.0999
110.7700,111.0000,152.2500,167.0700,0.0945
112.3600,109.8600,154.3000,164.7900,0.0849
115.3300,106.6700,156.3500,161.8200,0.0929
117.6100,102.5600,159.5400,157.9500,0.0875
119.8900,98.9170,160.4600,153.6200,0.0938
121.0300,95.7260,161.8200,149.7400,0.0882
120.8000,91.6240,162.0500,146.1000,0.0874
119.8900,88.6610,161.1400,142.2200,0.0822
118.5200,85.2420,161.1400,139.2600,0.0747
116.4700,82.9630,159.0900,136.7500,0.0734
113.5000,80.0000,156.3500,133.5600,0.0704
110.3100,75.8970,153.3900,130.6000,0.0753
106.8900,72.2510,151.1100,126.2700,0.0633
103.9300,69.7440,147.0100,123.5300,0.0701
101.2000,67.0080,144.5000,121.0300,0.0699
97.7780,64.2730,141.7700,118.2900,0.0649
95.0430,62.4500,138.1200,117.1500,0.0753
92.0800,60.8550,136.5200,115.7800,0.0669
90.0280,59.7150,135.6100,115.5600,0.0642
88.4330,60.1710,134.0200,116.0100,0.0641
87.0660,61.5380,134.0200,117.6100,0.0562
85.9260,62.4500,132.4200,119.2000,0.0630
84.7860,63.8180,131.5100,120.8000,0.0628
84.1030,66.3250,131.0500,122.8500,0.0588
82.7350,67.4640,130.1400,124.9000,0.0607
81.1400,69.2880,129.2300,127.1800,0.0587
80.2280,70.4270,128.0900,128.7700,0.0626
78.6320,73.3900,126.5000,131.0500,0.0589
77.2650,75.8970,125.1300,133.3300,0.0577
76.5810,77.9490,125.1300,136.5200,0.0594
77.0370,80.6840,125.1300,138.8000,0.0599
77.0370,82.5070,125.5800,141.9900,0.0643
78.8600,84.5580,127.4100,143.8200,0.0630
80.6840,85.6980,129.4600,146.1000,0.0675
82.9630,86.3820,132.6500,147.2400,0.0641
85.6980,87.2940,135.8400,148.3800,0.0624
88.2050,88.2050,138.5800,149.5200,0.0622
91.1680,89.1170,141.5400,149.7400,0.0586
93.6750,89.1170,143.5900,150.8800,0.0673
95.9550,89.1170,145.1900,150.8800,0.0716
98.9170,89.1170,147.2400,150.2000,0.0739
101.4200,89.3450,148.3800,150.2000,0.0816
105.9800,90.9400,152.4800,150.6600,0.0788
108.9500,90.2560,154.5300,149.2900,0.0814
110.3100,89.1170,157.7200,148.3800,0.0704
112.8200,88.8890,159.7700,147.2400,0.0687
114.8700,89.1170,160.4600,147.2400,0.0766
116.0100,88.6610,161.3700,145.4100,0.0707
116.2400,86.6100,162.0500,143.1300,0.0664
115.7800,83.8750,161.6000,141.3100,0.0713
115.7800,83.6470,161.1400,139.4900,0.0657
116.4700,82.7350,160.4600,139.0300,0.0777
117.6100,82.5070,161.1400,136.9800,0.0708
118.7500,79.5440,161.3700,134.0200,0.0774
120.3400,77.9490,162.2800,131.7400,0.0784
121.2500,75.8970,163.1900,129.0000,0.0744
122.3900,73.8460,164.3300,127.1800,0.0758
123.3000,72.4790,165.7000,125.5800,0.0710
124.2200,71.7950,166.3800,124.2200,0.0688
123.9900,70.2000,166.3800,124.2200,0.0764
125.1300,70.2000,166.3800,124.2200,0.0848
124.2200,70.6550,166.3800,123.5300,0.0715
122.3900,71.3390,164.3300,123.9900,0.0718
121.2500,72.4790,163.6500,125.3600,0.0697
120.1100,72.2510,162.0500,125.8100,0.0771
118.5200,74.3020,160.0000,127.4100,0.0779
117.1500,76.3530,158.1800,127.8600,0.0718
115.1000,76.3530,156.8100,129.4600,0.0762
113.9600,76.1250,155.2100,129.4600,0.0809
112.1400,77.0370,153.1600,129.6900,0.0787
110.0900,77.0370,151.1100,129.6900,0.0787
109.6300,77.0370,149.9700,129.2300,0.0811
107.3500,77.0370,148.6000,129.2300,0.0742
105.5300,77.0370,147.0100,128.3200,0.0670
104.6200,75.4420,145.6400,127.4100,0.0746
102.3400,74.5300,144.0500,126.2700,0.0681
100.7400,73.8460,142.2200,126.2700,0.0739
96.4100,73.8460,138.1200,125.8100,0.0694
92.9910,73.8460,135.3800,126.5000,0.0685
90.0280,74.7580,131.7400,127.6400,0.0748
86.6100,74.7580,128.5500,127.1800,0.0704
84.7860,74.7580,126.7200,127.6400,0.0732
84.1030,74.9860,125.8100,126.9500,0.0694
83.8750,74.9860,125.8100,126.9500,0.0677
84.1030,74.9860,125.8100,127.4100,0.0722
84.1030,75.8970,125.8100,127.8600,0.0694
84.7860,77.0370,125.8100,128.3200,0.0705
85.0140,77.2650,125.8100,129.2300,0.0763
86.3820,79.0880,125.8100,129.9100,0.0799
87.0660,80.0000,126.9500,131.2800,0.0792
87.9770,81.5950,127.8600,132.1900,0.0750
89.8010,82.9630,129.4600,133.7900,0.0782
92.0800,84.3300,132.8800,135.1600,0.0694
94.3590,86.1540,135.1600,136.3000,0.0652
96.8660,87.5210,137.4400,137.4400,0.0655
100.2800,89.8010,140.4000,139.2600,0.0661
102.7900,92.3080,142.4500,141.9900,0.0711
105.7500,94.5870,144.5000,143.8200,0.0755
108.7200,95.9540,148.1500,144.9600,0.0687
111.0000,97.3220,150.8800,145.8700,0.0622
114.1900,100.0600,153.8500,148.3800,0.0625
117.1500,102.7900,156.3500,150.8800,0.0646
120.1100,104.6200,158.6300,152.9300,0.0715
123.7600,106.4400,161.8200,154.3000,0.0723
128.0900,108.0300,165.9300,154.5300,0.0651
131.7400,108.4900,170.9400,154.9900,0.0541
136.5200,108.7200,174.5900,155.9000,0.0678
141.7700,108.9500,178.6900,155.9000,0.0758
145.1900,108.9500,183.9300,155.4400,0.0577
149.7400,108.2600,188.2600,154.9900,0.0611
152.7100,108.4900,192.3600,155.4400,0.0535
155.4400,109.4000,194.6400,156.5800,0.0586
159.0900,109.4000,198.0600,157.7200,0.0679
161.3700,111.4500,199.8900,158.8600,0.0656
163.4200,112.3600,202.6200,159.5400,0.0586
164.5600,112.3600,203.7600,160.4600,0.0647
164.1000,113.5000,203.5300,161.3700,0.0614
161.1400,116.0100,201.7100,163.6500,0.0509
159.0900,118.0600,199.6600,166.3800,0.0554
154.3000,120.8000,194.8700,169.8000,0.0597
150.4300,124.9000,190.0900,173.4500,0.0639
147.2400,126.5000,188.2600,176.6400,0.0635
144.5000,130.6000,184.8400,180.5100,0.0673
141.9900,135.1600,183.0200,184.3900,0.0577
141.3100,136.3000,181.8800,186.4400,0.0669
140.4000,137.2100,181.4200,187.8100,0.0663
140.6300,137.6600,181.2000,188.2600,0.0698
140.6300,138.5800,181.6500,190.0900,0.0719
141.0800,138.5800,182.3400,191.0000,0.0755
142.2200,138.5800,183.9300,191.0000,0.0721
142.2200,138.5800,183.9300,191.0000,0.0721
141.0800,137.8900,183.2500,190.3100,0.0687
140.6300,137.2100,183.2500,189.4000,0.0640
138.3500,136.7500,180.2800,189.1700,0.0705
134.4700,135.8400,176.6400,188.2600,0.0687
130.3700,134.0200,172.9900,187.8100,0.0734
125.5800,133.1100,168.6600,186.6700,0.0688
121.2500,132.1900,164.5600,185.3000,0.0645
118.2900,130.3700,161.3700,183.0200,0.0634
116.2400,127.4100,159.7700,180.9700,0.0655
114.8700,125.5800,158.6300,179.3700,0.0652
114.8700,125.1300,158.6300,178.2300,0.0612
116.4700,123.7600,159.3200,177.0900,0.0691
118.9700,122.1700,162.9600,177.0900,0.0701
123.0800,122.1700,166.8400,177.0900,0.0717
126.2700,122.8500,171.1700,179.6000,0.0739
130.3700,124.4400,175.0400,181.8800,0.0792
133.3300,125.5800,179.8300,183.2500,0.0680
134.2500,125.5800,181.4200,184.6200,0.0709
134.9300,126.7200,182.5600,186.2100,0.0702
134.4700,126.7200,183.0200,187.3500,0.0702
133.5600,127.1800,182.5600,188.4900,0.0708
131.9700,126.5000,180.9700,188.7200,0.0753
130.8300,125.8100,180.0600,188.2600,0.0750
125.5800,125.3600,174.3600,187.8100,0.0778
120.3400,125.3600,169.5700,187.5800,0.0739
119.4300,125.1300,169.1200,187.5800,0.0721
119.2000,125.5800,168.2100,188.2600,0.0775
116.0100,125.8100,165.0100,188.7200,0.0787
115.1000,125.8100,165.0100,188.7200,0.0730
117.1500,125.8100,166.1500,188.4900,0.0776
118.9700,126.2700,168.2100,188.7200,0.0749
117.3800,127.4100,166.6100,189.6300,0.0739
116.0100,128.3200,164.7900,191.4500,0.0812
116.0100,129.2300,163.6500,192.3600,0.0885
113.2800,129.6900,160.4600,192.3600,0.0892
111.0000,129.6900,158.6300,192.3600,0.0863
109.8600,129.6900,156.8100,192.3600,0.0907
109.6300,128.7700,155.4400,191.4500,0.0982
106.6700,128.7700,153.6200,190.0900,0.0840
104.8400,127.6400,151.7900,189.1700,0.0851
103.0200,126.9500,149.5200,188.0300,0.0858
100.7400,125.5800,147.2400,186.6700,0.0858
99.1450,123.5300,145.1900,184.1600,0.0865
97.0940,120.5700,143.5900,181.4200,0.0846
95.7260,118.2900,142.4500,179.1500,0.0832
95.7260,116.7000,141.7700,177.3200,0.0865
96.4100,115.5600,142.6800,176.6400,0.0873
97.0940,114.1900,144.0500,174.5900,0.0793
97.5500,113.9600,144.5000,174.1300,0.0782
99.1450,115.1000,145.6400,174.5900,0.0777
99.3730,115.5600,145.8700,174.5900,0.0753
99.3730,116.2400,145.8700,174.5900,0.0717
99.3730,116.0100,145.1800,174.8100,0.0787
98.4610,114.8700,144.2700,174.5900,0.0834
95.9550,114.1900,142.4500,173.4500,0.0765
95.0430,112.5900,140.6300,172.3100,0.0849
92.5360,112.1400,139.0300,171.1700,0.0753
90.7120,111.6800,136.9800,170.9400,0.0780
88.6610,109.1700,135.6100,169.5700,0.0794
87.9770,107.8100,135.6100,168.6600,0.0772
87.7490,107.5800,135.3800,168.8900,0.0795
87.9770,107.1200,134.7000,167.7500,0.0820
88.8890,105.9800,136.0700,167.5200,0.0836
89.5730,105.7600,136.5200,167.2900,0.0851
89.8010,106.8900,136.3000,168.4300,0.0881
91.3960,107.8100,137.2100,170.2600,0.0971
92.5360,109.8600,138.3500,171.1700,0.0915
92.7640,110.7700,138.8000,172.7600,0.0933
92.5360,113.0500,138.1200,175.5000,0.0986
91.8520,117.3800,137.6600,178.2300,0.0892
91.1680,119.2000,137.2100,180.5100,0.0899
90.7120,121.2500,136.9800,182.7900,0.0896
90.2560,122.6200,135.8400,184.3900,0.0953
89.5730,125.3600,134.4700,185.9800,0.0942
88.4330,125.3600,133.7900,186.4400,0.0934
87.7490,125.3600,132.4200,184.8400,0.0899
88.4330,123.7600,133.1100,182.5600,0.0864
89.8010,121.7100,134.4700,180.5100,0.0864
91.3960,121.2500,135.1600,178.4600,0.0843
93.2200,118.2900,137.4400,175.9500,0.0835
93.4470,116.9200,138.3500,173.4500,0.0727
94.1310,115.5600,138.5800,171.6200,0.0732
95.0430,113.9600,139.4900,170.0300,0.0733
96.6380,113.5000,141.5400,169.5700,0.0701
96.8660,113.0500,142.4500,168.4300,0.0616
98.2340,112.8200,143.1300,167.9800,0.0651
99.8290,112.5900,144.5000,166.8400,0.0615
102.7900,111.9100,147.9200,166.6100,0.0608
104.3900,111.9100,148.8300,166.6100,0.0657
106.2100,112.1400,151.3400,166.3800,0.0582
108.7200,113.2800,154.0700,167.5200,0.0567
110.3100,113.7300,154.3000,168.4300,0.0688
112.1400,114.4200,155.2100,168.4300,0.0714
113.2800,114.1900,156.5800,168.6600,0.0724
114.1900,114.8700,157.4900,168.6600,0.0685
115.3300,115.5600,158.8600,168.8900,0.0642
116.9200,115.3300,160.2300,169.1200,0.0684
118.0600,115.3300,161.3700,169.5700,0.0710
120.3400,115.3300,163.8700,169.5700,0.0695
122.3900,116.7000,165.4700,170.2600,0.0688
125.1300,117.3800,169.1200,171.4000,0.0649
127.8600,117.8300,171.6200,172.3100,0.0692
131.9700,118.5200,175.9500,172.9900,0.0676
136.9800,119.2000,181.4200,173.6800,0.0644
140.8500,120.1100,185.3000,175.2700,0.0682
144.9600,122.3900,189.1700,177.3200,0.0686
148.8300,123.5300,193.0500,179.1500,0.0724
152.7100,124.4400,197.6100,180.0600,0.0676
155.4400,124.4400,200.3400,180.2900,0.0689
158.8600,125.1300,203.5300,181.4200,0.0730
161.8200,126.5000,206.0400,182.5600,0.0748
163.6500,127.6400,208.7800,185.0700,0.0760
166.3800,129.6900,211.5100,186.4400,0.0723
168.4300,131.0500,213.7900,187.8100,0.0708
168.8900,132.6500,214.7000,190.0900,0.0714
170.0300,133.3300,215.8400,191.4500,0.0751
170.7100,134.4700,216.5200,192.5900,0.0751
170.7100,134.4700,216.3000,192.5900,0.0765
170.7100,134.7000,216.3000,193.0500,0.0778
170.2600,134.9300,216.3000,193.2800,0.0747
170.2600,135.3800,216.5200,192.5900,0.0671
171.1700,135.1600,217.6600,192.3600,0.0655
171.8500,134.0200,217.8900,192.3600,0.0747
172.7600,134.0200,218.5800,191.4500,0.0713
175.0400,131.9700,220.8500,189.8600,0.0738
175.0400,130.8300,220.6300,188.4900,0.0741
175.0400,129.4600,220.6300,187.5800,0.0765
175.9500,129.0000,221.5400,187.3500,0.0778
174.8100,128.3200,220.8500,186.6700,0.0747
174.8100,128.3200,219.7100,186.4400,0.0812
174.1300,127.6400,219.4900,185.5300,0.0769
173.6800,127.6400,218.8000,185.0700,0.0761
172.5400,127.1800,217.8900,184.6200,0.0745
174.1300,126.2700,218.3500,183.4800,0.0811
175.0400,125.3600,219.2600,182.5600,0.0810
175.5000,124.9000,219.0300,182.7900,0.0895
176.6400,124.9000,219.4900,181.6500,0.0883
177.3200,124.2200,220.4000,180.2800,0.0829
177.3200,123.7600,219.7200,179.3700,0.0853
178.0100,122.8500,220.1700,178.2300,0.0858
178.0100,121.7100,220.6300,177.0900,0.0824
177.3200,120.1100,220.4000,175.7300,0.0805
179.3700,118.9700,220.6300,173.2200,0.0861
180.2800,117.1500,221.3100,171.1700,0.0865
182.7900,115.1000,223.8200,169.1200,0.0865
184.3900,113.7300,224.7300,166.6100,0.0851
184.3900,112.3600,225.1900,165.9300,0.0856
184.3900,111.2300,225.4100,165.2400,0.0865
184.8400,110.7700,226.1000,163.6500,0.0782
186.4400,110.0900,226.5500,162.5100,0.0842
188.0300,107.8100,228.6000,160.9100,0.0847
191.4500,107.3500,232.4800,159.3200,0.0745
196.9200,106.2100,237.2600,158.6300,0.0824
200.8000,105.0700,241.6000,157.2700,0.0776
204.2200,104.3900,245.4700,156.5800,0.0742
209.0000,103.0200,250.4800,155.2100,0.0725
209.9100,102.5600,250.9400,154.3000,0.0732
209.9100,101.8800,251.1700,153.3900,0.0701
210.1400,101.4200,250.7100,153.6200,0.0794
207.8600,101.4200,248.6600,153.3900,0.0763
206.2700,102.1100,246.6100,153.3900,0.0757
203.0800,102.3400,243.6500,153.8500,0.0753
200.8000,102.3400,241.6000,153.1600,0.0693
198.2900,101.6500,238.4000,152.2500,0.0733
195.7800,100.5100,235.6700,151.1100,0.0750
193.5000,99.1450,233.6200,149.5200,0.0718
192.3600,98.2340,231.3400,148.3800,0.0793
191.6800,97.7780,230.4300,146.3200,0.0711
190.0900,97.0940,228.6000,145.8700,0.0745
189.4000,96.6380,227.9200,145.1900,0.0730
189.4000,95.7260,227.9200,144.2700,0.0730
190.5400,94.8150,228.6000,142.4500,0.0708
192.1400,93.2190,230.2000,141.3100,0.0738
193.7300,92.0800,231.5700,139.4900,0.0712
196.0100,91.1680,233.3900,137.4400,0.0674
198.0600,88.6610,236.5800,135.6100,0.0626
200.1100,87.9770,238.1800,133.7900,0.0586
201.9400,87.5210,239.5400,133.5600,0.0640
203.7600,87.0660,240.9100,133.3300,0.0693
205.3600,87.9770,242.0500,133.7900,0.0701
206.2700,90.0290,243.4200,136.0700,0.0678
207.4100,91.6240,243.8700,137.4400,0.0721
207.1800,95.0430,244.1000,141.3100,0.0712
205.8100,98.9170,243.6500,144.7300,0.0605
206.2700,102.3400,244.7900,148.3800,0.0565
205.8100,104.1600,244.3300,150.8800,0.0611
206.0400,107.1200,243.6500,152.7100,0.0609
205.8100,107.8100,244.5600,154.5300,0.0592
206.0400,108.9500,244.5600,155.2100,0.0580
205.3600,109.8600,243.8700,155.6700,0.0550
205.1300,110.5400,244.1000,156.3500,0.0513
204.6700,110.7700,244.1000,156.5800,0.0476
205.8100,110.5400,243.6500,156.8100,0.0636
206.0400,110.7700,243.6500,156.3500,0.0608
206.5000,109.4000,244.3300,154.5300,0.0559
207.8600,106.8900,244.5600,151.5700,0.0622
208.7800,104.3900,245.4700,150.4300,0.0716
208.7800,104.8400,245.4700,149.5200,0.0623
207.8600,105.3000,244.5600,150.4300,0.0654
205.8100,106.8900,241.8200,151.3400,0.0665
203.5300,109.1700,238.6300,153.1600,0.0713
201.9400,111.4500,237.0400,154.7600,0.0664
200.8000,112.3600,237.0400,156.5800,0.0629
199.4300,115.1000,233.8500,159.7700,0.0820
197.6100,116.9200,232.7100,160.4600,0.0681
196.4700,118.9700,231.5700,162.5100,0.0681
192.8200,122.1700,228.6000,166.3800,0.0668
191.2200,124.9000,226.3200,168.4300,0.0680
189.8600,127.6400,224.5000,170.7100,0.0688
189.8600,130.6000,224.5000,173.2200,0.0655
190.3100,132.6500,224.9600,174.5900,0.0604
189.8600,133.5600,224.5000,176.8700,0.0705
189.1700,135.3800,224.7300,178.9200,0.0640
188.2600,136.3000,224.5000,179.6000,0.0564
188.0300,136.7500,224.2700,179.8300,0.0548
187.1200,136.5200,223.8200,180.2800,0.0557
187.1200,136.5200,223.5900,179.1500,0.0495
185.7500,135.8400,222.9100,178.6900,0.0452
184.1600,135.6100,221.5400,178.0100,0.0400
183.2500,135.8400,219.4900,177.7800,0.0463
182.1100,136.5200,218.8000,179.1500,0.0476
181.6500,138.3500,218.5800,180.7400,0.0438
181.4200,141.9900,218.1200,183.4800,0.0390
181.2000,143.5900,218.1200,185.5300,0.0405
181.6500,145.6400,218.3500,187.5800,0.0424
182.5600,147.2400,218.5800,188.4900,0.0430
183.0200,147.4600,218.8000,189.4000,0.0504
184.1600,147.4600,218.8000,188.7200,0.0554
184.3900,145.8700,219.2600,186.4400,0.0480
185.3000,142.4500,219.4900,183.4800,0.0577
184.8400,139.9400,219.7100,180.5100,0.0480
